accelerometer:  [ 0.80414528 -0.69627213  9.70858288]
gyro:  [-0.00872665 -0.00174533  0.        ]
accelerometer:  [ 0.80414528 -0.73549873  9.75761604]
gyro:  [-0.00872665 -0.00174533  0.        ]
accelerometer:  [ 0.80414528 -0.73549873  9.75761604]
gyro:  [-0.00349066  0.         -0.00349066]
accelerometer:  [ 0.80414528 -0.73549873  9.75761604]
gyro:  [ 0.00523599  0.         -0.00349066]
accelerometer:  [ 0.81395191 -0.73549873  9.74780941]
gyro:  [ 0.00523599  0.         -0.00349066]
accelerometer:  [ 0.81395191 -0.73549873  9.74780941]
gyro:  [ 0.01047198  0.00349066 -0.00349066]
accelerometer:  [ 0.80414528 -0.69627213  9.70858288]
gyro:  [ 0.01047198  0.00349066 -0.00349066]
accelerometer:  [ 0.80414528 -0.69627213  9.70858288]
gyro:  [ 0.00174533 -0.00174533 -0.00174533]
accelerometer:  [ 0.80414528 -0.69627213  9.70858288]
gyro:  [-0.00174533  0.          0.        ]